2580.00000000   1.080e+20
2582.50000000   9.825e+19
2585.01250000   8.907e+19
2587.53750000   8.005e+19
2590.07530000   7.169e+19
2592.62560000   6.350e+19
2595.18880000   5.603e+19
2597.76470000   4.910e+19
2600.35360000   4.287e+19
2602.95530000   3.712e+19
2605.57010000   3.202e+19
2608.19790000   2.740e+19
2610.83900000   2.337e+19
2613.49320000   1.968e+19
2616.16060000   1.654e+19
2618.84140000   1.386e+19
2621.53570000   1.160e+19
2624.24330000   9.637e+18
2626.96460000   8.004e+18
2629.69940000   6.599e+18
2632.44790000   5.443e+18
2635.21010000   4.423e+18
2637.98630000   3.607e+18
2640.77610000   2.611e+18
2643.58000000   1.961e+18
2646.39790000   1.544e+18
2649.22990000   1.239e+18
2652.07610000   9.858e+17
2654.93640000   8.004e+17
2657.81120000   7.004e+17
2660.70020000   6.148e+17
2663.60360000   5.413e+17
2666.52180000   4.779e+17
2669.45440000   4.281e+17
2672.40170000   3.839e+17
2675.36370000   3.438e+17
2678.34050000   3.083e+17
2681.33220000   2.776e+17
2684.33890000   2.503e+17
2687.36050000   2.258e+17
2690.39740000   2.041e+17
2693.44940000   1.846e+17
2696.51660000   1.671e+17
2699.59920000   1.514e+17
2702.69720000   1.372e+17
2705.81070000   1.245e+17
2708.93980000   1.130e+17
2712.08440000   1.026e+17
2715.24500000   9.329e+16
2718.42120000   8.485e+16
2721.61330000   7.722e+16
2724.82140000   7.032e+16
2728.04550000   6.408e+16
2731.28560000   5.843e+16
2734.54220000   5.332e+16
2737.81490000   4.871e+16
2741.10400000   4.454e+16
2744.40950000   4.075e+16
2747.73150000   3.732e+16
2751.07020000   3.420e+16
2754.42550000   3.136e+16
2757.79770000   2.877e+16
2761.18670000   2.642e+16
2764.59250000   2.427e+16
2768.01560000   2.231e+16
2771.45570000   2.051e+16
2774.91300000   1.887e+16
2778.38760000   1.737e+16
2781.87950000   1.599e+16
2785.38890000   1.473e+16
2788.91600000   1.357e+16
2792.46040000   1.250e+16
2796.02280000   1.153e+16
2799.60280000   1.063e+16
2803.20090000   9.803e+15
2806.81690000   9.043e+15
2810.45100000   8.343e+15
2814.10330000   7.699e+15
2817.77380000   7.106e+15
2821.46260000   6.559e+15
2825.17010000   6.054e+15
2828.89580000   5.589e+15
2832.64040000   5.160e+15
2836.40350000   4.764e+15
2840.18560000   4.399e+15
2843.98650000   4.061e+15
2847.80650000   3.750e+15
2851.64550000   3.462e+15
2855.50380000   3.196e+15
2859.38120000   2.951e+15
2863.27820000   2.724e+15
2867.19460000   2.514e+15
2871.13060000   2.320e+15
2875.08630000   2.141e+15
2879.06160000   1.976e+15
2883.05680000   1.823e+15
2887.07230000   1.682e+15
2891.10770000   1.551e+15
2895.16330000   1.430e+15
2899.23900000   1.319e+15
2903.33520000   1.215e+15
2907.45200000   1.120e+15
2911.58930000   1.032e+15
2915.74710000   9.507e+14
2919.92590000   8.755e+14
2924.12560000   8.061e+14
2928.34620000   7.420e+14
2932.58800000   6.828e+14
2936.85090000   6.282e+14
2941.13520000   5.778e+14
2945.44090000   5.312e+14
2949.76800000   4.883e+14
2954.11690000   4.487e+14
2958.48750000   4.122e+14
2962.88000000   3.785e+14
2967.29430000   3.474e+14
2971.73080000   3.188e+14
2976.18950000   2.925e+14
2980.67050000   2.682e+14
2985.17380000   2.459e+14
2989.69970000   2.253e+14
2994.24820000   2.064e+14
2998.81950000   1.890e+14
3003.41360000   1.730e+14
3008.03070000   1.583e+14
3012.67090000   1.448e+14
3017.33420000   1.324e+14
3022.02070000   1.210e+14
3026.73100000   1.105e+14
3031.46470000   1.009e+14
3036.22200000   9.213e+13
3041.00310000   8.407e+13
3045.80820000   7.668e+13
3050.63720000   6.991e+13
3055.49040000   6.371e+13
3060.36780000   5.803e+13
3065.26970000   5.284e+13
3070.19600000   4.810e+13
3075.14710000   4.376e+13
3080.12280000   3.979e+13
3085.12350000   3.617e+13
3090.14900000   3.287e+13
3095.19990000   2.985e+13
3100.27570000   2.710e+13
3105.37730000   2.460e+13
3110.50410000   2.231e+13
3115.65670000   2.023e+13
3120.83490000   1.834e+13
3126.03920000   1.661e+13
3131.26930000   1.505e+13
3136.52580000   1.362e+13
3141.80830000   1.232e+13
3147.11740000   1.115e+13
3152.45290000   1.008e+13
3157.81520000   9.109e+12
3163.20440000   8.230e+12
3168.62030000   7.432e+12
3174.06350000   6.709e+12
3179.53380000   6.054e+12
3185.03140000   5.461e+12
3190.55680000   4.925e+12
3196.10960000   4.439e+12
3201.69010000   4.000e+12
3207.29860000   3.603e+12
3212.93510000   3.244e+12
3218.59970000   2.920e+12
3224.29280000   2.627e+12
3230.01420000   2.363e+12
3235.76430000   2.125e+12
3241.54320000   1.910e+12
3247.35090000   1.717e+12
3253.18760000   1.542e+12
3259.05350000   1.385e+12
3264.94890000   1.243e+12
3270.87360000   1.116e+12
3276.82790000   1.001e+12
3282.81220000   8.983e+11
3288.82630000   8.056e+11
3294.87050000   7.223e+11
3300.94480000   6.474e+11
3307.04960000   5.802e+11
3313.18470000   5.198e+11
3319.35080000   4.656e+11
3325.54750000   4.169e+11
3331.77530000   3.733e+11
3338.03410000   3.341e+11
3344.32430000   2.990e+11
3350.64600000   2.675e+11
3356.99920000   2.393e+11
3363.38430000   2.141e+11
3369.80110000   1.914e+11
3376.24990000   1.712e+11
3382.73150000   1.530e+11
3389.24520000   1.368e+11
3395.79150000   1.222e+11
3402.37040000   1.092e+11
3408.98220000   9.756e+10
3415.62710000   8.715e+10
3422.30540000   7.784e+10
3429.01680000   6.952e+10
3435.76200000   6.207e+10
3442.54060000   5.542e+10
3449.35350000   4.944e+10
3456.20020000   4.410e+10
3463.08130000   3.933e+10
3469.99660000   3.507e+10
3476.94680000   3.127e+10
3483.93130000   2.788e+10
3490.95120000   2.485e+10
3498.00580000   2.216e+10
3505.09600000   1.975e+10
3512.22130000   1.760e+10
3519.38260000   1.569e+10
3526.57930000   1.398e+10
3533.81250000   1.246e+10
3541.08150000   1.110e+10
3548.38690000   9.891e+09
3555.72880000   8.812e+09
3563.10740000   7.849e+09
3570.52310000   6.991e+09
3577.97570000   6.226e+09
3585.46560000   5.544e+09
3592.99300000   4.937e+09
3600.55760000   4.395e+09
3608.16080000   3.913e+09
3615.80160000   3.483e+09
3623.48070000   3.100e+09
3631.19800000   2.759e+09
3638.95400000   2.456e+09
3646.74900000   2.185e+09
3654.58280000   1.944e+09
3662.45560000   1.730e+09
3670.36780000   1.539e+09
3678.31980000   1.369e+09
3686.31130000   1.217e+09
3694.34290000   1.083e+09
3702.41460000   9.630e+08
3710.52670000   8.563e+08
3718.67940000   7.614e+08
3726.87270000   6.770e+08
3735.10730000   6.019e+08
3743.38280000   5.351e+08
3751.69970000   4.757e+08
3760.05820000   4.228e+08
3768.45860000   3.758e+08
3776.90080000   3.340e+08
3785.38550000   2.968e+08
3793.91240000   2.638e+08
3802.48190000   2.344e+08
3811.09420000   2.083e+08
3819.74980000   1.850e+08
3828.44870000   1.644e+08
3837.19080000   1.460e+08
3845.97690000   1.297e+08
3854.80680000   1.152e+08
3863.68030000   1.024e+08
3872.59940000   9.092e+07
3881.56230000   8.076e+07
3890.57010000   7.172e+07
3899.62290000   6.370e+07
3908.72120000   5.656e+07
3917.86470000   5.023e+07
3927.05420000   4.460e+07
3936.28930000   3.961e+07
3945.57090000   3.517e+07
3954.89870000   3.122e+07
3964.27320000   2.772e+07
3973.69460000   2.461e+07
3983.16320000   2.185e+07
3992.67900000   1.940e+07
4002.24240000   1.722e+07
4011.85330000   1.529e+07
4021.51290000   1.357e+07
4031.22050000   1.205e+07
4040.97670000   1.069e+07
4050.78150000   9.493e+06
4060.63550000   8.427e+06
4070.53860000   7.480e+06
4080.49160000   6.639e+06
4090.49380000   5.893e+06
4100.54640000   5.231e+06
4110.64890000   4.643e+06
4120.80220000   4.121e+06
4131.00630000   3.657e+06
4141.26150000   3.246e+06
4151.56770000   2.881e+06
4161.92570000   2.557e+06
4172.33500000   2.270e+06
4182.79720000   2.015e+06
4182.79720000   2.015e+06
4192.79720000   1.793e+06
4202.79720000   1.597e+06
4212.79720000   1.421e+06
4222.79720000   1.265e+06
4232.79720000   1.126e+06
4242.79720000   1.003e+06
4252.79720000   8.927e+05
4262.79720000   7.947e+05
4272.79720000   7.075e+05
4282.79720000   6.298e+05
4292.79720000   5.607e+05
4302.79720000   4.991e+05
4312.79720000   4.443e+05
4322.79720000   3.955e+05
4332.79720000   3.521e+05
4342.79720000   3.135e+05
4352.79720000   2.791e+05
4362.79720000   2.484e+05
4372.79720000   2.212e+05
4382.79720000   1.969e+05
4392.79720000   1.753e+05
4402.79720000   1.560e+05
4412.79720000   1.389e+05
4422.79720000   1.237e+05
4432.79720000   1.101e+05
4442.79720000   9.799e+04
4452.79720000   8.724e+04
4462.79720000   7.766e+04
4472.79720000   6.913e+04
4482.79720000   6.155e+04
4492.79720000   5.479e+04
4502.79720000   4.877e+04
4512.79720000   4.342e+04
4522.79720000   3.865e+04
4532.79720000   3.441e+04
4542.79720000   3.063e+04
4552.79720000   2.727e+04
4562.79720000   2.428e+04
4572.79720000   2.161e+04
4582.79720000   1.924e+04
4592.79720000   1.713e+04
4602.79720000   1.525e+04
4612.79720000   1.357e+04
4622.79720000   1.208e+04
4632.79720000   1.076e+04
4642.79720000   9.576e+03
4652.79720000   8.525e+03
4662.79720000   7.589e+03
4672.79720000   6.756e+03
4682.79720000   6.014e+03
4692.79720000   5.354e+03
4702.79720000   4.766e+03
4712.79720000   4.243e+03
4722.79720000   3.777e+03
4732.79720000   3.363e+03
4742.79720000   2.994e+03
4752.79720000   2.665e+03
4762.79720000   2.372e+03
4772.79720000   2.112e+03
4782.79720000   1.880e+03
4792.79720000   1.674e+03
4802.79720000   1.490e+03
4812.79720000   1.326e+03
4822.79720000   1.181e+03
4832.79720000   1.051e+03
4842.79720000   9.358e+02
4852.79720000   8.331e+02
4862.79720000   7.416e+02
4872.79720000   6.602e+02
4882.79720000   5.877e+02
4892.79720000   5.232e+02
4902.79720000   4.658e+02
4912.79720000   4.147e+02
4922.79720000   3.691e+02
4932.79720000   3.286e+02
4942.79720000   2.925e+02
4952.79720000   2.604e+02
4962.79720000   2.318e+02
4972.79720000   2.064e+02
4982.79720000   1.837e+02
4992.79720000   1.636e+02
5002.79720000   1.456e+02
5012.79720000   1.296e+02
5022.79720000   1.154e+02
5032.79720000   1.027e+02
5042.79720000   9.145e+01
5052.79720000   8.141e+01
5062.79720000   7.247e+01
5072.79720000   6.452e+01
5082.79720000   5.744e+01
5092.79720000   5.113e+01
5102.79720000   4.552e+01
5112.79720000   4.052e+01
5122.79720000   3.607e+01
5132.79720000   3.211e+01
5142.79720000   2.859e+01
5152.79720000   2.545e+01
5162.79720000   2.266e+01
5172.79720000   2.017e+01
5182.79720000   1.796e+01
5192.79720000   1.598e+01
5202.79720000   1.423e+01
5212.79720000   1.267e+01
5222.79720000   1.128e+01
5232.79720000   1.004e+01
5242.79720000   8.937e+00
5252.79720000   7.956e+00
5262.79720000   7.082e+00
5272.79720000   6.305e+00
5282.79720000   5.613e+00
5292.79720000   4.997e+00
5302.79720000   4.448e+00
5312.79720000   3.960e+00
5322.79720000   3.525e+00
5332.79720000   3.138e+00
5342.79720000   2.794e+00
5352.79720000   2.487e+00
5362.79720000   2.214e+00
5372.79720000   1.971e+00
5382.79720000   1.755e+00
5392.79720000   1.562e+00
5402.79720000   1.391e+00
5412.79720000   1.238e+00
5422.79720000   1.102e+00
5432.79720000   9.810e-01
5442.79720000   8.733e-01
5452.79720000   7.775e-01
5462.79720000   6.921e-01
5472.79720000   6.161e-01
5482.79720000   5.485e-01
5492.79720000   4.883e-01
5502.79720000   4.347e-01
5512.79720000   3.870e-01
5522.79720000   3.445e-01
5532.79720000   3.067e-01
5542.79720000   2.730e-01
5552.79720000   2.430e-01
5562.79720000   2.164e-01
5572.79720000   1.926e-01
5582.79720000   1.715e-01
5592.79720000   1.526e-01
5602.79720000   1.359e-01
5612.79720000   1.210e-01
5622.79720000   1.077e-01
5632.79720000   9.587e-02
5642.79720000   8.535e-02
5652.79720000   7.598e-02
5662.79720000   6.764e-02
5672.79720000   6.021e-02
5682.79720000   5.360e-02
5692.79720000   4.772e-02
5702.79720000   4.248e-02
5712.79720000   3.782e-02
5722.79720000   3.366e-02
5732.79720000   2.997e-02
5742.79720000   2.668e-02
5752.79720000   2.375e-02
5762.79720000   2.114e-02
5772.79720000   1.882e-02
5782.79720000   1.676e-02
5792.79720000   1.492e-02
5802.79720000   1.328e-02
5812.79720000   1.182e-02
5822.79720000   1.052e-02
5832.79720000   9.369e-03
5842.79720000   8.340e-03
5852.79720000   7.425e-03
5862.79720000   6.610e-03
5872.79720000   5.884e-03
5882.79720000   5.238e-03
5892.79720000   4.663e-03
5902.79720000   4.151e-03
5912.79720000   3.696e-03
5922.79720000   3.290e-03
5932.79720000   2.929e-03
5942.79720000   2.607e-03
5952.79720000   2.321e-03
5962.79720000   2.066e-03
5972.79720000   1.839e-03
5982.79720000   1.637e-03
5992.79720000   1.458e-03
