0.000000E+00    0.932480E+02
0.383900E+01    0.891000E+02
0.752800E+01    0.857020E+02
0.110990E+02    0.829470E+02
0.145680E+02    0.805070E+02
0.179490E+02    0.783130E+02
0.212500E+02    0.763930E+02
0.244810E+02    0.746240E+02
0.276490E+02    0.731320E+02
0.307690E+02    0.720080E+02
0.338550E+02    0.711900E+02
0.369180E+02    0.706250E+02
0.399700E+02    0.703450E+02
0.430210E+02    0.702320E+02
0.460760E+02    0.702040E+02
0.491410E+02    0.703990E+02
0.522290E+02    0.708880E+02
0.554520E+02    0.762500E+02
0.589190E+02    0.816060E+02
0.626310E+02    0.869580E+02
0.665910E+02    0.923020E+02
0.707980E+02    0.976390E+02
0.752580E+02    0.102970E+03
0.799700E+02    0.108290E+03
0.849370E+02    0.113590E+03
0.901630E+02    0.118890E+03
0.956460E+02    0.124170E+03
0.101393E+03    0.129440E+03
0.107404E+03    0.134690E+03
0.113682E+03    0.139920E+03
0.120163E+03    0.142260E+03
0.126785E+03    0.144590E+03
0.133547E+03    0.146890E+03
0.140449E+03    0.149140E+03
0.147490E+03    0.151370E+03
0.154674E+03    0.153540E+03
0.162004E+03    0.156000E+03
0.169496E+03    0.158580E+03
0.177144E+03    0.160850E+03
0.184896E+03    0.161090E+03
0.192738E+03    0.162760E+03
0.200709E+03    0.164540E+03
0.208809E+03    0.166160E+03
0.217037E+03    0.167770E+03
0.225387E+03    0.169070E+03
0.233843E+03    0.170080E+03
0.242402E+03    0.171100E+03
0.251067E+03    0.172130E+03
0.259831E+03    0.172980E+03
0.268690E+03    0.173640E+03
0.277639E+03    0.174330E+03
0.286681E+03    0.175080E+03
0.295820E+03    0.175790E+03
0.305054E+03    0.176530E+03
0.314385E+03    0.177180E+03
0.323811E+03    0.177830E+03
0.333330E+03    0.178380E+03
0.342937E+03    0.178730E+03
0.352625E+03    0.179080E+03
0.362389E+03    0.179100E+03
0.372216E+03    0.179000E+03
0.382099E+03    0.178820E+03
0.392037E+03    0.178540E+03
0.401985E+03    0.176810E+03
0.411899E+03    0.175030E+03
0.421779E+03    0.173280E+03
0.431626E+03    0.171590E+03
0.441442E+03    0.169990E+03
0.451232E+03    0.168480E+03
0.460999E+03    0.167030E+03
0.470745E+03    0.165680E+03
0.480475E+03    0.164350E+03
0.490189E+03    0.163020E+03
0.499883E+03    0.161740E+03
0.509561E+03    0.160390E+03
0.519256E+03    0.160320E+03
0.529006E+03    0.160200E+03
0.538806E+03    0.159980E+03
0.548653E+03    0.159740E+03
0.558544E+03    0.159400E+03
0.568474E+03    0.159030E+03
0.578443E+03    0.158630E+03
0.588448E+03    0.158200E+03
0.598488E+03    0.157770E+03
0.608568E+03    0.157360E+03
0.618679E+03    0.156980E+03
0.628835E+03    0.156630E+03
0.639031E+03    0.156300E+03
0.649271E+03    0.155990E+03
0.659556E+03    0.155710E+03
0.669886E+03    0.155430E+03
0.680264E+03    0.155170E+03
0.690690E+03    0.154900E+03
0.701162E+03    0.154640E+03
0.711687E+03    0.154380E+03
0.722255E+03    0.154100E+03
0.732873E+03    0.153790E+03
0.743535E+03    0.153460E+03
0.754242E+03    0.153090E+03
