-90.00000000   1.763e+01
-89.00000000   1.867e+01
-88.00000000   1.975e+01
-87.00000000   2.089e+01
-86.00000000   2.207e+01
-85.00000000   2.331e+01
-84.00000000   2.460e+01
-83.00000000   2.595e+01
-82.00000000   2.735e+01
-81.00000000   2.881e+01
-80.00000000   3.033e+01
-79.00000000   3.191e+01
-78.00000000   3.355e+01
-77.00000000   3.525e+01
-76.00000000   3.701e+01
-75.00000000   3.884e+01
-74.00000000   4.073e+01
-73.00000000   4.268e+01
-72.00000000   4.471e+01
-71.00000000   4.679e+01
-70.00000000   4.894e+01
-69.00000000   5.116e+01
-68.00000000   5.345e+01
-67.00000000   5.580e+01
-66.00000000   5.822e+01
-65.00000000   6.070e+01
-64.00000000   6.325e+01
-63.00000000   6.586e+01
-62.00000000   6.854e+01
-61.00000000   7.128e+01
-60.00000000   7.408e+01
-59.00000000   7.695e+01
-58.00000000   7.987e+01
-57.00000000   8.285e+01
-56.00000000   8.589e+01
-55.00000000   8.898e+01
-54.00000000   9.213e+01
-53.00000000   9.532e+01
-52.00000000   9.856e+01
-51.00000000   1.018e+02
-50.00000000   1.052e+02
-49.00000000   1.085e+02
-48.00000000   1.120e+02
-47.00000000   1.154e+02
-46.00000000   1.189e+02
-45.00000000   1.224e+02
-44.00000000   1.259e+02
-43.00000000   1.294e+02
-42.00000000   1.329e+02
-41.00000000   1.365e+02
-40.00000000   1.401e+02
-39.00000000   1.436e+02
-38.00000000   1.472e+02
-37.00000000   1.507e+02
-36.00000000   1.543e+02
-35.00000000   1.578e+02
-34.00000000   1.613e+02
-33.00000000   1.648e+02
-32.00000000   1.682e+02
-31.00000000   1.716e+02
-30.00000000   1.750e+02
-29.00000000   1.783e+02
-28.00000000   1.815e+02
-27.00000000   1.847e+02
-26.00000000   1.879e+02
-25.00000000   1.909e+02
-24.00000000   1.939e+02
-23.00000000   1.968e+02
-22.00000000   1.996e+02
-21.00000000   2.024e+02
-20.00000000   2.050e+02
-19.00000000   2.076e+02
-18.00000000   2.100e+02
-17.00000000   2.123e+02
-16.00000000   2.145e+02
-15.00000000   2.166e+02
-14.00000000   2.186e+02
-13.00000000   2.205e+02
-12.00000000   2.222e+02
-11.00000000   2.238e+02
-10.00000000   2.253e+02
 -9.00000000   2.267e+02
 -8.00000000   2.279e+02
 -7.00000000   2.289e+02
 -6.00000000   2.298e+02
 -5.00000000   2.306e+02
 -4.00000000   2.312e+02
 -3.00000000   2.317e+02
 -2.00000000   2.320e+02
 -1.00000000   2.322e+02
  0.00000000   2.323e+02
  1.00000000   2.322e+02
  2.00000000   2.319e+02
  3.00000000   2.315e+02
  4.00000000   2.309e+02
  5.00000000   2.302e+02
  6.00000000   2.294e+02
  7.00000000   2.284e+02
  8.00000000   2.273e+02
  9.00000000   2.260e+02
 10.00000000   2.246e+02
 11.00000000   2.231e+02
 12.00000000   2.214e+02
 13.00000000   2.196e+02
 14.00000000   2.177e+02
 15.00000000   2.156e+02
 16.00000000   2.135e+02
 17.00000000   2.112e+02
 18.00000000   2.088e+02
 19.00000000   2.063e+02
 20.00000000   2.037e+02
 21.00000000   2.010e+02
 22.00000000   1.982e+02
 23.00000000   1.954e+02
 24.00000000   1.924e+02
 25.00000000   1.894e+02
 26.00000000   1.863e+02
 27.00000000   1.831e+02
 28.00000000   1.799e+02
 29.00000000   1.766e+02
 30.00000000   1.733e+02
 31.00000000   1.699e+02
 32.00000000   1.665e+02
 33.00000000   1.631e+02
 34.00000000   1.596e+02
 35.00000000   1.561e+02
 36.00000000   1.525e+02
 37.00000000   1.490e+02
 38.00000000   1.454e+02
 39.00000000   1.419e+02
 40.00000000   1.383e+02
 41.00000000   1.347e+02
 42.00000000   1.312e+02
 43.00000000   1.276e+02
 44.00000000   1.241e+02
 45.00000000   1.206e+02
 46.00000000   1.171e+02
 47.00000000   1.137e+02
 48.00000000   1.103e+02
 49.00000000   1.069e+02
 50.00000000   1.035e+02
 51.00000000   1.002e+02
 52.00000000   9.695e+01
 53.00000000   9.373e+01
 54.00000000   9.056e+01
 55.00000000   8.744e+01
 56.00000000   8.438e+01
 57.00000000   8.137e+01
 58.00000000   7.841e+01
 59.00000000   7.552e+01
 60.00000000   7.268e+01
 61.00000000   6.991e+01
 62.00000000   6.720e+01
 63.00000000   6.456e+01
 64.00000000   6.198e+01
 65.00000000   5.946e+01
 66.00000000   5.701e+01
 67.00000000   5.462e+01
 68.00000000   5.231e+01
 69.00000000   5.005e+01
 70.00000000   4.787e+01
 71.00000000   4.575e+01
 72.00000000   4.369e+01
 73.00000000   4.171e+01
 74.00000000   3.978e+01
 75.00000000   3.792e+01
 76.00000000   3.613e+01
 77.00000000   3.440e+01
 78.00000000   3.273e+01
 79.00000000   3.112e+01
 80.00000000   2.957e+01
 81.00000000   2.808e+01
 82.00000000   2.665e+01
 83.00000000   2.527e+01
 84.00000000   2.395e+01
 85.00000000   2.269e+01
 86.00000000   2.148e+01
 87.00000000   2.032e+01
 88.00000000   1.921e+01
 89.00000000   1.815e+01
 90.00000000   1.713e+01
